3 0.21875 0.8477564102564102 0.05625 0.09134615384615384
3 0.1578125 0.8141025641025641 0.03203125 0.08653846153846154
3 0.2078125 0.5160256410256411 0.103125 0.1971153846153846
3 0.21328125 0.3317307692307692 0.07265625 0.07532051282051282
3 0.22734375 0.22275641025641027 0.0390625 0.060897435897435896
3 0.19375 0.1362179487179487 0.025 0.04006410256410257
3 0.1578125 0.20512820512820512 0.02734375 0.07211538461538461
3 0.196875 0.05608974358974359 0.10546875 0.10737179487179487
3 0.22734375 0.6714743589743589 0.0234375 0.10737179487179487
3 0.228125 0.9567307692307693 0.03203125 0.04326923076923077
3 0.159375 0.9775641025641025 0.0265625 0.04326923076923077