3 0.78125 0.15224358974358973 0.05625 0.09134615384615384
3 0.8421875 0.1858974358974359 0.03203125 0.08653846153846154
3 0.7921875 0.483974358974359 0.103125 0.1971153846153846
3 0.78671875 0.6682692307692307 0.07265625 0.07532051282051282
3 0.77265625 0.7772435897435898 0.0390625 0.060897435897435896
3 0.80625 0.8637820512820513 0.025 0.04006410256410257
3 0.8421875 0.7948717948717948 0.02734375 0.07211538461538461
3 0.803125 0.9439102564102564 0.10546875 0.10737179487179487
3 0.77265625 0.328525641025641 0.0234375 0.10737179487179487
3 0.771875 0.04326923076923077 0.03203125 0.04326923076923077
3 0.840625 0.022435897435897436 0.0265625 0.04326923076923077